1.471333419895806162e-02
4.939133331401066584e-01
4.954138085737296859e-01
4.923711442541839345e-01
4.923772910647074008e-01
4.923499014131155205e-01
4.921881104875502899e-01
4.956359484328359821e-01
4.897881152508710145e-01
4.899928712827942845e-01
4.898394936581633163e-01
4.899996822604301139e-01
4.899989870953671556e-01
4.899524916247540163e-01
4.899998800222501449e-01
4.899998018437397573e-01
4.899994640233968912e-01
4.899953869220222691e-01
4.899213093173709899e-01
4.899736324501216544e-01
4.899294790475894334e-01
