2.263716176080111109e-01
4.033165241404234602e-01
3.895894814895883296e-01
3.690289477898769932e-01
3.482775368260372373e-01
3.359522893462617010e-01
3.304166428701245106e-01
3.121801583084170550e-01
2.953082835558500374e-01
2.846838878271474860e-01
2.824553099442402293e-01
2.669819233741531628e-01
2.635837504806628484e-01
2.550213202015423342e-01
2.444905102009768683e-01
2.380803186224966783e-01
2.318483159246437497e-01
2.324927472372178283e-01
2.251651578115345109e-01
2.212841141074843587e-01
2.168839116931432220e-01
