4.899294790475894334e-01
3.956763812060850038e-01
3.397282885069922154e-01
3.128364212876660888e-01
2.975852762424555653e-01
2.828737294340519237e-01
2.770851300477115697e-01
2.686252419974290984e-01
2.637195429658039658e-01
2.585589928080391786e-01
2.552602750842783430e-01
2.515708048911106109e-01
2.473262345023853614e-01
2.431397233560123328e-01
2.394762462833946726e-01
2.361190503506441773e-01
2.342182309773045978e-01
2.307910454496679142e-01
2.281462410179701528e-01
2.272298023342312068e-01
2.263716176080111109e-01
