2.486338037532395684e-01
4.638984191509238353e-01
4.337333751148109706e-01
3.970954495398673623e-01
3.711982655137751053e-01
3.650026667366102484e-01
3.343085071809391851e-01
3.112437199578630964e-01
2.973830970614123603e-01
2.819465555373839027e-01
2.825607711529150023e-01
2.759607151909800882e-01
2.656341081794737491e-01
2.496108390209223760e-01
2.454773564314582934e-01
2.355171104706061114e-01
2.399318569227533171e-01
2.331111693729059076e-01
2.342466201805196990e-01
2.253171998525760611e-01
2.281952821680646448e-01
