2.399761332255774884e-02
5.535157500663367980e-01
5.401661237244703706e-01
5.302896064996904801e-01
5.309380225724624758e-01
5.299470031295367978e-01
5.291218508687555167e-01
5.293548385927492328e-01
5.293548385927042688e-01
5.293548385926591937e-01
5.293548385926141187e-01
5.293548385925691546e-01
5.293548385925238575e-01
5.293548385924787825e-01
5.293548385924334854e-01
5.293548385923882993e-01
5.293548385923428912e-01
5.293548385922975941e-01
5.293548385922522970e-01
5.293548385922068888e-01
5.293548385921614807e-01
