5.293548385921614807e-01
4.922683759186924912e-01
4.331808628973690123e-01
4.000371991537909344e-01
3.687407523206170934e-01
3.514098764001691300e-01
3.390338917654620587e-01
3.274890961198274608e-01
3.232046145813722293e-01
3.123131917301535942e-01
3.060657887116617348e-01
2.983325861315825889e-01
2.872112419151955920e-01
2.722571893334725934e-01
2.670637163409863568e-01
2.612739308956416040e-01
2.583885612828031308e-01
2.560473892121227224e-01
2.538941567751616946e-01
2.509404647336063165e-01
2.486338037532395684e-01
