3.833577388943690267e-02
5.417923018730375767e-02
3.232242357746261535e-02
2.793652223199552184e-02
2.335538011559562185e-02
2.083393080195834399e-02
1.918413891271535804e-02
1.701817179087595708e-02
1.657272456861469401e-02
1.577434503716954386e-02
1.543807192155032849e-02
1.404719449010875462e-02
1.313462290370116629e-02
1.356986464235312821e-02
1.268433400682818929e-02
1.212220132696269215e-02
1.135587487749071742e-02
1.130417492745045341e-02
1.036449855642718708e-02
1.024295285038614826e-02
9.789650327179150527e-03
