0.000000000000000000e+00
5.846279156746755218e-02
5.125740769675708741e-02
4.889566067581326697e-02
4.849158574274769345e-02
4.502003302334548623e-02
4.523505144609332035e-02
4.920478242125086304e-02
4.103433027915071724e-02
4.120165724906033056e-02
4.097239100414268309e-02
4.206037664805944987e-02
3.713085849946014955e-02
3.664163523721659238e-02
3.871744443563311655e-02
4.073849070083683521e-02
3.725704201058810394e-02
3.669354295133162025e-02
3.863943038944085001e-02
3.297443326494172572e-02
3.833577388943690267e-02
