9.789650327179150527e-03
5.613318621855137303e-02
3.551716658637983637e-02
3.374132961816957155e-02
2.985358260249069973e-02
2.786445402574661695e-02
2.504784349907277982e-02
2.232772849944156951e-02
2.244837150996813538e-02
2.229796263951254465e-02
1.957816215131914436e-02
2.039647166345194898e-02
2.122104375651395411e-02
1.820978688197174775e-02
1.822739767131183533e-02
1.750170524208790462e-02
1.751874293690778780e-02
1.584586066921584574e-02
1.651514426805467117e-02
1.696306133640338581e-02
1.586439312514510008e-02
