1.175516389910962745e-01
4.719789394433472340e-01
4.531984544269623827e-01
4.322258609909221949e-01
4.057102345114963482e-01
3.986191500110702890e-01
3.896330568848938580e-01
3.780244899072938147e-01
3.671792811017816627e-01
3.515619603999992071e-01
3.777750853230117389e-01
3.513795718392925260e-01
3.325164517054742808e-01
3.244165243963579304e-01
3.234422872283346795e-01
3.171444783614822405e-01
3.128203247625304106e-01
3.057221180245197067e-01
2.994308918597682889e-01
2.929246856190164117e-01
2.856721807206160091e-01
