5.641935483337698898e-01
4.835407716432859604e-01
4.164584350366182797e-01
3.547633896989736968e-01
3.025603368586884945e-01
2.665571285110054367e-01
2.468043907877237320e-01
2.237979044824842667e-01
2.108212101463630694e-01
2.009515978360518207e-01
1.902907231362601093e-01
1.811765518519744822e-01
1.708886177663647143e-01
1.564861333829452583e-01
1.490881362794399534e-01
1.424501648899959283e-01
1.366037869839028529e-01
1.299098565844061526e-01
1.262079581437902664e-01
1.212899478680798948e-01
1.175516389910962745e-01
