1.586439312514510008e-02
5.250166577444604910e-01
5.456011519515386876e-01
5.663496358163436772e-01
5.594560849114363910e-01
5.640385876363634976e-01
5.639838370039191862e-01
5.641232940382330252e-01
5.641729016544657638e-01
5.641935483341063984e-01
5.641935483340759783e-01
5.641935483340455582e-01
5.641935483340150270e-01
5.641935483339844959e-01
5.641935483339539648e-01
5.641935483339234336e-01
5.641935483338926804e-01
5.641935483338621493e-01
5.641935483338313961e-01
5.641935483338006430e-01
5.641935483337698898e-01
