3.517916424930779551e-02
4.728950980506475138e-02
2.932939515733621466e-02
2.388660294492435734e-02
2.195643144401829630e-02
1.993766287098769005e-02
1.791294977002312952e-02
1.613337843446428777e-02
1.560103450567301882e-02
1.381201496375875776e-02
1.284029290597716623e-02
1.334048282048524992e-02
1.258989524497679258e-02
1.183599908400825157e-02
1.142643548976658881e-02
1.137585245704153362e-02
1.008051108856231406e-02
9.712210701393090076e-03
9.217929034204661379e-03
9.367806012892639436e-03
8.775835054567164215e-03
