0.000000000000000000e+00
5.893184501376968337e-02
5.042502545400994601e-02
4.701828211882722042e-02
4.305821140471319947e-02
5.058733727812321501e-02
4.773469818666617459e-02
3.981312126366347293e-02
3.850541121361451824e-02
3.573275652124240087e-02
4.152845087672843438e-02
3.657521311246474116e-02
3.922558230113513955e-02
3.932722132196612985e-02
3.322683860719717608e-02
3.882838695402071605e-02
3.326941212412696386e-02
3.696666814066496692e-02
3.555965763906127064e-02
3.629929979684473618e-02
3.517916424930779551e-02
