8.775835054567164215e-03
5.147447514900044957e-02
3.601245468467127037e-02
2.810142855254081293e-02
3.146111123005241456e-02
2.433160153518120622e-02
2.127668971568423897e-02
2.191771481795053156e-02
2.054032185489628598e-02
2.096967693129838176e-02
1.848846855888308660e-02
1.935266297346626557e-02
2.310352483493328252e-02
2.007932506517118298e-02
1.761756659726983198e-02
1.621462696679154547e-02
1.515492672506846272e-02
1.529308431370588264e-02
1.501513359559679926e-02
1.524001560368499174e-02
1.471333419895806162e-02
