4.614726289003846793e-02
5.739872024252315463e-02
4.111953210322274316e-02
3.480170890151254581e-02
3.106438434174482038e-02
2.885073874981834013e-02
2.707887268410719833e-02
2.601382066424998488e-02
2.410673973534180684e-02
2.273826414988193434e-02
2.172994996923343150e-02
2.036427454084244193e-02
1.963345558634557730e-02
1.933757170822134053e-02
1.899402416589333897e-02
1.825583822169727505e-02
1.758840748639703064e-02
1.753819992700213215e-02
1.688990738449112905e-02
1.631194137741904387e-02
1.653258053007323342e-02
