0.000000000000000000e+00
6.390189821061642572e-02
5.914747764005417324e-02
4.851979671366371538e-02
5.255029341433472417e-02
5.105836572846615684e-02
4.655326039883701805e-02
4.943145830135158014e-02
4.928480797695908300e-02
4.983980886141152478e-02
4.351827634422823082e-02
4.454549522590221800e-02
4.634353829608682529e-02
5.111999158982267338e-02
4.758757460393424343e-02
4.620161995506287533e-02
4.024030094069573626e-02
3.888210498326542808e-02
3.936028589929819327e-02
4.640751918287672889e-02
4.614726289003846793e-02
