1.653258053007323342e-02
5.847511217302826803e-02
4.452553236736653264e-02
4.200893092885377156e-02
3.780868598415185883e-02
3.575372609947947283e-02
3.467907148179426996e-02
3.245579697029993271e-02
2.997397189651227964e-02
3.000184620003405744e-02
2.628062247363152637e-02
2.487227041632077487e-02
2.435414176286105140e-02
2.341349216677372086e-02
2.581577563108810106e-02
2.473263748724692859e-02
2.354575392795723449e-02
2.708086811073007888e-02
2.514377378290965151e-02
2.374608447935097622e-02
2.399761332255774884e-02
